		read	pread	write	pwrite
Ext2-1-bb	2354	2401	2017	2016
Quill-1-bb	2895	3523	2228	3030
Quill-opt-1-bb	6243	6494	3744	3777

Ext2-4-bb	1863	1845	1655	1604
Quill-4-bb	7481	10079	1075	8362
Quill-opt-4-bb	12979	15802	9285	10905

Native-mmap-1-bb	7379		3939
Native-mmap-4-bb	17291		11602

Ext2-1		5499	5465	4506	4509
Quill-1		4182	6283	2555	4120
Quill-opt-1	8964	9019	9009	9173

Ext2-4		9147	8737	5709	5613
Quill-4		9412	10645	1564	5118
Quill-opt-4	10869	10934	10836	10944

PMFS-1		7092	6992	6292	6323
PMFS-4		10721	10604	6697	6687

Native-mmap-1	9859		11264
Native-mmap-4	10948		10907
